- OS: Windows-10-10.0.22621-SP0 10.0.22621
- Python: 3.8.0
- Stable-Baselines3: 2.3.2
- PyTorch: 2.4.1+cu118
- GPU Enabled: True
- Numpy: 1.24.4
- Cloudpickle: 3.0.0
- Gymnasium: 0.29.1
- OpenAI Gym: 0.26.2
